Unimproved Wilson Action

	Size of a*a Loop:
1 0.5037843619281204
2 0.49380127094048887
3 0.4936499154679763
4 0.4928388502253606
5 0.4949943425665174
6 0.4905838064133698
7 0.4906837742925348
8 0.4942901680295855
9 0.49149036174128413
10 0.49613245364871766
11 0.49474465752180047
12 0.5018777943491309
13 0.49818102265835373
14 0.4970487774085847
15 0.499166709958892
16 0.49290864681093877
17 0.48723814046699665
18 0.4925626291378486
19 0.4993255314233635
20 0.49420571608288444

	Size of a*2a Loop:
1 0.258364680226226
2 0.25838000279775575
3 0.2558851357797917
4 0.2627787770375349
5 0.2585112668923004
6 0.26049893946834957
7 0.2567359486243885
8 0.26107643637580485
9 0.2643850847576352
10 0.25042614853614126
11 0.25830823094867184
12 0.2548906223334525
13 0.2529660117586143
14 0.2616983314874738
15 0.26217897590796935
16 0.263585168512575
17 0.252072649420741
18 0.2593636205454259
19 0.25665996558050524
20 0.25422915108704913

-----------------------------------------------------------------

Improved Wilson Action

	Size of a*a Loop:
1 0.5409643652068795
2 0.5367874750212833
3 0.5451001037585672
4 0.5363702051174424
5 0.5411717268996937
6 0.5392645590076733
7 0.5401018153771117
8 0.5373270040861479
9 0.5394245282118612
10 0.5427975027221957
11 0.5397520522975352
12 0.535188443330712
13 0.5381526620100585
14 0.5382043666259381
15 0.5421965059501265
16 0.5411969868948446
17 0.5407206529661905
18 0.5364649258926992
19 0.5388138972484131
20 0.5397079303298694

	Size of a*2a Loop:
1 0.27702412658939196
2 0.2838616918650534
3 0.2832976711180964
4 0.2788475680567131
5 0.28359100024382206
6 0.2797160546947319
7 0.28511317239886286
8 0.276409813520268
9 0.2812664247882994
10 0.2780905423259698
11 0.2819897653710082
12 0.2849839510179325
13 0.2791875068069717
14 0.27946201397051107
15 0.28177089354288437
16 0.28467465592548374
17 0.2767370151564882
18 0.27875545933376356
19 0.2791484754273166
20 0.2843014893102383
